[gd_scene load_steps=23 format=3 uid="uid://bqqgyqafm7xwp"]

[ext_resource type="Environment" uid="uid://bqnqgflivjvue" path="res://scenes/main-environment.tres" id="1_ahusb"]
[ext_resource type="Script" uid="uid://djpme521r3cxe" path="res://scripts/main.gd" id="1_jkv2x"]
[ext_resource type="PackedScene" uid="uid://dl2ed4gkybggf" path="res://objects/player.tscn" id="2_onms2"]
[ext_resource type="Script" uid="uid://bcg2kkbsnttec" path="res://scripts/view.gd" id="5_bg0fr"]
[ext_resource type="PackedScene" uid="uid://cnymdajj1vsqm" path="res://objects/platform.tscn" id="6_sdmev"]
[ext_resource type="PackedScene" uid="uid://rjh4ifidqrfp" path="res://objects/platform_medium.tscn" id="7_ixpj3"]
[ext_resource type="PackedScene" uid="uid://uqr4hswv6d2g" path="res://objects/platform_grass_large_round.tscn" id="8_4oh1e"]
[ext_resource type="PackedScene" uid="uid://c8up71en5djgm" path="res://objects/platform_falling.tscn" id="9_2fnpo"]
[ext_resource type="PackedScene" uid="uid://dtjvjdjl8cs6e" path="res://models/flag.glb" id="9_fw1f5"]
[ext_resource type="PackedScene" uid="uid://dfpisimsgf5ce" path="res://objects/coin.tscn" id="10_fwhys"]
[ext_resource type="Script" uid="uid://bap462su1xjtx" path="res://scripts/hud.gd" id="11_apvpm"]
[ext_resource type="PackedScene" uid="uid://85ldumyetgou" path="res://objects/brick.tscn" id="12_jkv2x"]
[ext_resource type="PackedScene" uid="uid://dy017k58p20sk" path="res://objects/cloud.tscn" id="13_drtpy"]
[ext_resource type="PackedScene" uid="uid://bqcbcur2qrxxq" path="res://objects/Grass Platform.tscn" id="13_jbj1t"]
[ext_resource type="Texture2D" uid="uid://cd7oyc56ehkx1" path="res://sprites/coin.png" id="13_jfda3"]
[ext_resource type="PackedScene" uid="uid://cqs3mtagwtcly" path="res://objects/Medium Island.tscn" id="14_muem4"]
[ext_resource type="PackedScene" uid="uid://ds6m2kpnvqy76" path="res://objects/Tree.tscn" id="15_dp3eg"]
[ext_resource type="PackedScene" uid="uid://c8p35nqn08810" path="res://Small Rock.tscn" id="16_gqmmt"]
[ext_resource type="FontFile" uid="uid://d0cxd77jybrcn" path="res://fonts/lilita_one_regular.ttf" id="17_tk810"]
[ext_resource type="PackedScene" uid="uid://c8ppj60cbfgcb" path="res://objects/grass green.tscn" id="17_yc10j"]
[ext_resource type="FontFile" uid="uid://coihd2u3riar5" path="res://fonts/Mitr-Medium.ttf" id="21_yc10j"]

[sub_resource type="LabelSettings" id="LabelSettings_38ys3"]
font = ExtResource("17_tk810")
font_size = 48
shadow_color = Color(0, 0, 0, 0.376471)
shadow_offset = Vector2(2, 2)

[node name="Main" type="Node3D"]
script = ExtResource("1_jkv2x")

[node name="Environment" type="WorldEnvironment" parent="."]
environment = ExtResource("1_ahusb")

[node name="Player" parent="." node_paths=PackedStringArray("view") groups=["player"] instance=ExtResource("2_onms2")]
transform = Transform3D(0.5, 0, 0, 0, 0.5, 0, 0, 0, 0.5, 0, 0.537802, 0)
view = NodePath("../View")

[node name="View" type="Node3D" parent="." node_paths=PackedStringArray("target")]
transform = Transform3D(0.707107, -0.298836, 0.640856, 0, 0.906308, 0.422618, -0.707107, -0.298836, 0.640856, 0, 0, 0)
script = ExtResource("5_bg0fr")
target = NodePath("../Player")

[node name="Camera" type="Camera3D" parent="View"]
transform = Transform3D(1, 0, 0, 0, 1, 0, 0, 0, 1, 0, 0, 10)
current = true
fov = 40.0

[node name="World" type="Node3D" parent="."]

[node name="platform4" parent="World" instance=ExtResource("6_sdmev")]
transform = Transform3D(0.993085, 0, -0.117399, 0, 1, 0, 0.117399, 0, 0.993085, -15, 0, 4)
visible = false

[node name="platform5" parent="World" instance=ExtResource("6_sdmev")]
transform = Transform3D(0.993085, 0, -0.117399, 0, 1, 0, 0.117399, 0, 0.993085, -21.9251, 0.34661, -2.68363)
visible = false

[node name="platform6" parent="World" instance=ExtResource("6_sdmev")]
transform = Transform3D(0.977944, 0, 0.208867, 0, 1, 0, -0.208867, 0, 0.977944, -22.0759, 1.51326, -4.76548)
visible = false

[node name="platform2" parent="World" instance=ExtResource("6_sdmev")]
transform = Transform3D(1, 0, 0, 0, 1, 0, 0, 0, 1, -3, 2, -3)
visible = false

[node name="platform3" parent="World" instance=ExtResource("6_sdmev")]
transform = Transform3D(0.966237, 0, -0.257656, 0, 1, 0, 0.257656, 0, 0.966237, -3, 3, -5)
visible = false

[node name="platform-medium" parent="World" instance=ExtResource("7_ixpj3")]
transform = Transform3D(0.996134, 0, 0.0878512, 0, 1, 0, -0.0878512, 0, 0.996134, -3, 0, 0)
visible = false

[node name="platform-medium2" parent="World" instance=ExtResource("7_ixpj3")]
transform = Transform3D(0.995121, 0, 0.0986598, 0, 1, 0, -0.0986598, 0, 0.995121, -5, 0, 4)
visible = false

[node name="platform-medium4" parent="World" instance=ExtResource("7_ixpj3")]
transform = Transform3D(0.929796, 0, -0.368076, 0, 1, 0, 0.368076, 0, 0.929796, -14.9422, 0.991941, 0.128304)
visible = false

[node name="platform-medium3" parent="World" instance=ExtResource("7_ixpj3")]
transform = Transform3D(1, 0, 0, 0, 1, 0, 0, 0, 1, 0, 3, -6)
visible = false

[node name="platform-falling" parent="World" instance=ExtResource("9_2fnpo")]
transform = Transform3D(0.984808, 0, 0.173648, 0, 1, 0, -0.173648, 0, 0.984808, -9, 0.419294, 4)

[node name="platform-falling2" parent="World" instance=ExtResource("9_2fnpo")]
transform = Transform3D(0.258044, 0, -0.966133, 0, 1, 0, 0.966133, 0, 0.258044, -12, -0.315063, 4)

[node name="platform-falling3" parent="World" instance=ExtResource("9_2fnpo")]
transform = Transform3D(0.939693, 0, 0.34202, 0, 1, 0, -0.34202, 0, 0.939693, -10.3701, 1.09171, -4.71159)

[node name="platform-grass-large-round" parent="World" instance=ExtResource("8_4oh1e")]
transform = Transform3D(1, 0, 0, 0, 1, 0, 0, 0, 1, -7, 1, -2)
visible = false

[node name="platform-grass-large-round2" parent="World" instance=ExtResource("8_4oh1e")]
transform = Transform3D(1, 0, 0, 0, 1, 0, 0, 0, 1, -19.3105, 1, 2.83196)
visible = false

[node name="flag" parent="World" instance=ExtResource("9_fw1f5")]
transform = Transform3D(0.707107, 0, -0.707107, 0, 1, 0, 0.707107, 0, 0.707107, 0, 3.48077, -6)

[node name="coin" parent="World" instance=ExtResource("10_fwhys")]
transform = Transform3D(1, 0, 0, 0, 1, 0, 0, 0, 1, 0.475043, 0.635, 4.70578)

[node name="coin10" parent="World" instance=ExtResource("10_fwhys")]
transform = Transform3D(1, 0, 0, 0, 1, 0, 0, 0, 1, -5, 0.635, 4)

[node name="coin2" parent="World" instance=ExtResource("10_fwhys")]
transform = Transform3D(1, 0, 0, 0, 1, -0.000279253, 0, 0.000279253, 1, -7.8304, 1.97005, -2.15591)

[node name="coin3" parent="World" instance=ExtResource("10_fwhys")]
transform = Transform3D(0.99441, 0, -0.105587, 0, 1, 0, 0.105587, 0, 0.99441, -3.32559, 3.72644, -7.92435)

[node name="coin5" parent="World" instance=ExtResource("10_fwhys")]
transform = Transform3D(1, 0, 0, 0, 1, 0, 0, 0, 1, -10.3905, 1.81082, -4.68803)

[node name="coin6" parent="World" instance=ExtResource("10_fwhys")]
transform = Transform3D(1, 0, 0, 0, 1, 0, 0, 0, 1, -14.7649, 1.52747, -6.1891)

[node name="coin7" parent="World" instance=ExtResource("10_fwhys")]
transform = Transform3D(1, 0, 0, 0, 1, 0, 0, 0, 1, -14.7649, 2.52747, -6.1891)

[node name="coin8" parent="World" instance=ExtResource("10_fwhys")]
transform = Transform3D(1, 0, 0, 0, 1, 0, 0, 0, 1, -14.9647, 0.801836, 3.99354)

[node name="coin9" parent="World" instance=ExtResource("10_fwhys")]
transform = Transform3D(1, 0, 0, 0, 1, 0, 0, 0, 1, 0, 5, -6)

[node name="coin4" parent="World" instance=ExtResource("10_fwhys")]
transform = Transform3D(1, 0, 0, 0, 1, 0, 0, 0, 1, -5.73053, 2.63971, -6.03344)

[node name="coin11" parent="World" instance=ExtResource("10_fwhys")]
transform = Transform3D(0.998575, 0, 0.0533643, 0, 1, 0, -0.0533643, 0, 0.998575, -7.14386, 4.02737, -2.62396)

[node name="coin12" parent="World" instance=ExtResource("10_fwhys")]
transform = Transform3D(1, 0, 0, 0, 1, 0, 0, 0, 1, -18.4637, 1.77544, 2.8622)

[node name="coin13" parent="World" instance=ExtResource("10_fwhys")]
transform = Transform3D(1, 0, 0, 0, 1, 0, 0, 0, 1, -18.1843, 2.41002, -4.19629)

[node name="coin14" parent="World" instance=ExtResource("10_fwhys")]
transform = Transform3D(1, 0, 0, 0, 1, 0, 0, 0, 1, -18.1843, 3.1699, -4.19629)

[node name="cube8" parent="World" instance=ExtResource("13_drtpy")]
transform = Transform3D(1, 0, 0, 0, 1, 0, 0, 0, 1, 1.5495, 1.10741, -2.666)

[node name="cube9" parent="World" instance=ExtResource("13_drtpy")]
transform = Transform3D(1.27593, -0.401864, 0.422933, 0.471408, 1.30937, -0.178025, -0.343721, 0.304009, 1.32582, 3.33538, 1.37146, -4.1932)

[node name="cube10" parent="World" instance=ExtResource("13_drtpy")]
transform = Transform3D(1.32811, 0.370441, 0.259369, -0.293866, 1.3186, -0.37854, -0.34372, 0.30401, 1.32582, -10.5752, 2.03819, -7.93707)

[node name="cube11" parent="World" instance=ExtResource("13_drtpy")]
transform = Transform3D(0.476646, 0.924607, 0.941422, -0.929853, 0.945559, -0.457882, -0.93624, -0.468385, 0.934042, -9.46754, 2.03819, 11.5094)

[node name="cube12" parent="World" instance=ExtResource("13_drtpy")]
transform = Transform3D(-1.02876, -0.695523, 0.652886, -0.929853, 0.945557, -0.457881, -0.213027, -0.768461, -1.15432, -9.20183, 2.79508, 13.7432)

[node name="cube13" parent="World" instance=ExtResource("13_drtpy")]
transform = Transform3D(1.56209, -1.37982, 1.71508, 1.97375, 1.80907, -0.342241, -0.974547, 1.4522, 2.05595, -14.3045, 2.03819, -11.7169)

[node name="cube14" parent="World" instance=ExtResource("13_drtpy")]
transform = Transform3D(1.56209, -1.37982, 1.71508, 1.97375, 1.80907, -0.342241, -0.974547, 1.4522, 2.05595, -14.152, 2.03819, 10.0652)

[node name="brick" parent="World" instance=ExtResource("12_jkv2x")]
transform = Transform3D(1, 0, 0, 0, 1, 0, 0, 0, 1, 0.355913, 1.98572, 4.61716)

[node name="brick2" parent="World" instance=ExtResource("12_jkv2x")]
transform = Transform3D(0.855265, 0, -0.518191, 0, 1, 0, 0.518191, 0, 0.855265, -7.8616, 3.21501, -2.39092)

[node name="brick3" parent="World" instance=ExtResource("12_jkv2x")]
transform = Transform3D(0.939082, 0, 0.343692, 0, 1, 0, -0.343692, 0, 0.939082, -18.4717, 3.21501, 2.86945)

[node name="Grass Platform" parent="World" instance=ExtResource("13_jbj1t")]
transform = Transform3D(1, 0, 0, 0, 1, 0, 0, 0, 1, 0.0963888, 0.00537831, -0.0366092)

[node name="Grass Platform2" parent="World" instance=ExtResource("13_jbj1t")]
transform = Transform3D(1.40006, 0, 0, 0, 1, 0, 0, 0, 1.29794, 0.125604, 0.00537831, 4.37032)

[node name="Grass Platform3" parent="World" instance=ExtResource("13_jbj1t")]
transform = Transform3D(1.49788, 0, 0, 0, 1, 0, 0, 0, 1.28477, -4.99389, -0.0163853, 4.07428)

[node name="Grass Platform4" parent="World" instance=ExtResource("13_jbj1t")]
transform = Transform3D(1, 0, 0, 0, 1, 0, 0, 0, 1, -15.3985, 0.00537831, 3.9353)

[node name="Grass Platform5" parent="World" instance=ExtResource("13_jbj1t")]
transform = Transform3D(1.27874, 0, 0.749016, 0, 1, 0, -0.84802, 0, 1.12945, -14.6642, 0.87139, -5.93955)

[node name="Grass Platform6" parent="World" instance=ExtResource("13_jbj1t")]
transform = Transform3D(1, 0, 0, 0, 1, 0, 0, 0, 1, -5.70308, 1.97099, -6.31299)

[node name="Grass Platform7" parent="World" instance=ExtResource("13_jbj1t")]
transform = Transform3D(0.874637, 0, -0.484779, 0, 1, 0, 0.484779, 0, 0.874637, -3.05152, 3.00916, -7.88517)

[node name="Grass Platform8" parent="World" instance=ExtResource("13_jbj1t")]
transform = Transform3D(1.18229, 0, -0.472853, 0, 1, 0, 0.655299, 0, 0.85312, -0.0166759, 3.0971, -5.71237)

[node name="Grass Platform9" parent="World" instance=ExtResource("13_jbj1t")]
transform = Transform3D(0.827567, 0, 0.474114, 0, 1, 0, -0.548815, 0, 0.714925, -20.8492, 1.01803, -1.85341)

[node name="Grass Platform10" parent="World" instance=ExtResource("13_jbj1t")]
transform = Transform3D(0.827567, 0, 0.474114, 0, 1, 0, -0.548815, 0, 0.714925, -18.6481, 1.41702, -4.49284)

[node name="Medium Island" parent="World" instance=ExtResource("14_muem4")]
transform = Transform3D(1, 0, 0, 0, 1, 0, 0, 0, 1, -7.05143, 1.05966, -1.91679)

[node name="Medium Island2" parent="World" instance=ExtResource("14_muem4")]
transform = Transform3D(0.967524, 0, -0.252779, 0, 1, 0, 0.252779, 0, 0.967524, -19.2352, 0.833936, 2.93576)

[node name="Tree" parent="World" instance=ExtResource("15_dp3eg")]
transform = Transform3D(2.74579, -0.00630062, 1.20855, 0.00997073, 2.99998, -0.0070132, -1.20853, 0.0104356, 2.74579, -20.6072, 1.27524, 3.79846)

[node name="Tree2" parent="World" instance=ExtResource("15_dp3eg")]
transform = Transform3D(2.30725, -0.00318584, 1.91745, 0.00997073, 2.99998, -0.0070132, -1.91743, 0.0117665, 2.30724, -5.78194, 1.55807, -1.02972)

[node name="Small Rock" parent="World" instance=ExtResource("16_gqmmt")]
transform = Transform3D(0.938824, 0, 0.344397, 0, 1, 0, -0.344397, 0, 0.938824, -5.16245, 1.56358, -1.8577)

[node name="Small Rock2" parent="World" instance=ExtResource("16_gqmmt")]
transform = Transform3D(0.657177, 0, 0.241078, 0, 0.7, 0, -0.241078, 0, 0.657177, -5.67454, 1.56358, -2.0335)

[node name="Small Rock4" parent="World" instance=ExtResource("16_gqmmt")]
transform = Transform3D(0.800742, 0, -0.59901, 0, 1, 0, 0.59901, 0, 0.800742, -19.804, 1.31174, 4.20271)

[node name="Small Rock3" parent="World" instance=ExtResource("16_gqmmt")]
transform = Transform3D(-0.00633538, 0, 0.599967, 0, 0.6, 0, -0.599967, 0, -0.00633538, -5.23681, 1.56358, -2.30416)

[node name="Small Rock5" parent="World" instance=ExtResource("16_gqmmt")]
transform = Transform3D(-0.340905, 0, -0.493745, 0, 0.6, 0, 0.493745, 0, -0.340905, -19.6963, 1.31174, 3.72611)

[node name="grass green" parent="World" instance=ExtResource("17_yc10j")]
transform = Transform3D(-0.435875, 0, 0.900007, 0, 1, 0, -0.900007, 0, -0.435875, -20.4053, 1.31828, 4.71819)

[node name="grass green2" parent="World" instance=ExtResource("17_yc10j")]
transform = Transform3D(-0.0174524, 0, 0.999848, 0, 1, 0, -0.999848, 0, -0.0174524, -19.7594, 1.31828, 3.23967)

[node name="grass green3" parent="World" instance=ExtResource("17_yc10j")]
transform = Transform3D(1, 0, 0, 0, 1, 0, 0, 0, 1, -5.7858, 1.55009, -2.41875)

[node name="grass green4" parent="World" instance=ExtResource("17_yc10j")]
transform = Transform3D(-0.894662, 0, 0.446744, 0, 1, 0, -0.446744, 0, -0.894662, -5.19137, 1.55009, -2.66164)

[node name="grass green5" parent="World" instance=ExtResource("17_yc10j")]
transform = Transform3D(-0.894662, 0, 0.446744, 0, 1, 0, -0.446744, 0, -0.894662, -6.86318, 1.55009, -1.09119)

[node name="grass green6" parent="World" instance=ExtResource("17_yc10j")]
transform = Transform3D(0.753839, 0, -0.657059, 0, 1, 0, 0.657059, 0, 0.753839, -6.5559, 1.55009, -1.64932)

[node name="Sun" type="DirectionalLight3D" parent="."]
transform = Transform3D(-0.422618, -0.694272, 0.582563, 0, 0.642788, 0.766044, -0.906308, 0.323744, -0.271654, 0, 0, 0)
shadow_enabled = true
shadow_opacity = 0.75

[node name="HUD" type="Control" parent="Sun"]
layout_mode = 3
anchors_preset = 13
anchor_left = 0.5
anchor_right = 0.5
anchor_bottom = 1.0
offset_left = -640.0
offset_right = 640.0
grow_horizontal = 2
grow_vertical = 2
size_flags_horizontal = 8
size_flags_vertical = 8
script = ExtResource("11_apvpm")

[node name="x" type="Label" parent="Sun/HUD"]
layout_mode = 0
offset_left = 112.0
offset_top = 64.0
offset_right = 144.0
offset_bottom = 123.0
text = "×"
label_settings = SubResource("LabelSettings_38ys3")
metadata/_edit_use_anchors_ = true

[node name="Icon" type="TextureRect" parent="Sun/HUD"]
layout_mode = 0
offset_left = 57.0
offset_top = 67.0
offset_right = 313.0
offset_bottom = 323.0
scale = Vector2(0.2, 0.2)
texture = ExtResource("13_jfda3")

[node name="Coins" type="Label" parent="Sun/HUD"]
layout_mode = 0
offset_left = 144.0
offset_top = 64.0
offset_right = 368.0
offset_bottom = 123.0
text = "0"
label_settings = SubResource("LabelSettings_38ys3")
metadata/_edit_use_anchors_ = true

[node name="name" type="Label" parent="Sun/HUD"]
layout_mode = 1
anchors_preset = 1
anchor_left = 1.0
anchor_right = 1.0
offset_left = -441.0
offset_top = 55.0
offset_right = -43.0
offset_bottom = 119.0
grow_horizontal = 0
theme_override_colors/font_color = Color(1, 1, 1, 1)
theme_override_colors/font_outline_color = Color(0, 0, 0, 1)
theme_override_constants/outline_size = 4
theme_override_fonts/font = ExtResource("21_yc10j")
theme_override_font_sizes/font_size = 26
text = "นางสาวชิดชนก  ชนะพา      673380033-9"
horizontal_alignment = 1

[connection signal="coin_collected" from="Player" to="Sun/HUD" method="_on_coin_collected"]
